# Image  Distance_A   Energy_eV    Force_eV_A   Curvature
    0       0.00000      0.00000      0.00000   0.00000
    1       0.35000      0.04500      0.02000   0.00000
    2       0.70000      0.12000      0.03000   0.00000
    3       1.05000      0.19500      0.02000   0.00000
    4       1.40000      0.22500      0.01000   0.00000
    5       1.75000      0.11000      0.03000   0.00000
    6       2.10000     -0.22000      0.02000   0.00000
    7       2.45000     -0.51000      0.02000   0.00000
    8       2.80000     -0.62000      0.00000   0.00000
